block	mesocosm	light	precipitation	nutrients	species	speciesgroup	sugar.perc	starch.perc	NSC.perc	C.perc	N.perc	CN.ratio	delta13C.perm
1	7	L40	P50	Nhi	2	EC	8.8	9.1	17.91	44.94	1.823	24.65167307	-29.78
1	7	L40	P50	Nhi	3	EC	7.6	17.3	24.84	44.99	1.457	30.8785175	-28.45
1	7	L40	P50	Nhi	5	DB	1.9	12.9	14.79	41.8	2.397	17.43846475	-26.76
1	7	L40	P50	Nhi	4	EC	7.2	10.4	17.58	45.58	1.383	32.95733912	-28.62
1	7	L40	P50	Nhi	1	EC	8	15.2	23.22	45.57	1.344	33.90625	-28.38
1	7	L40	P50	Nhi	6	DB	5.8	8.3	14.04	45.25	2.265	19.97792494	-30.71
1	7	L40	P50	Nhi	7	DB	9.7	10.2	19.82	44.37	2.257	19.65883917	-28.75
1	7	L40	P50	Nhi	8	DB	11.9	6.6	18.51	43.68	2.245	19.45657016	-30.24
2	20	L40	P50	Nhi	4	EC	6.8	8.1	14.81	45.33	1.3	34.86923077	-28.65
2	20	L40	P50	Nhi	2	EC	8.7	10.1	18.75	44.91	1.788	25.11744966	-29.99
2	20	L40	P50	Nhi	7	DB	8.8	5.3	14.1	44.71	2.358	18.96098388	-27.55
2	20	L40	P50	Nhi	6	DB	9.1	7.7	16.83	44.69	2.458	18.18144833	-30.66
2	20	L40	P50	Nhi	3	EC	7.4	21.5	28.92	45.31	1.654	27.39419589	-30.77
2	20	L40	P50	Nhi	1	EC	7.6	18.6	26.18	45.12	1.564	28.84910486	-29.42
2	20	L40	P50	Nhi	5	DB	3.3	5.3	8.64	45.57	2.33	19.55793991	-25.65
2	20	L40	P50	Nhi	8	DB	8.6	16.6	25.17	43.4	2.422	17.91907514	-28.44
3	48	L40	P50	Nhi	4	EC	7.1	8.5	15.6	45.64	1.456	31.34615385	-29.12
3	48	L40	P50	Nhi	1	EC	11.7	12.1	23.85	45.84	1.379	33.24147933	-28.62
3	48	L40	P50	Nhi	5	DB	7	10.9	17.94	44.79	2.022	22.15133531	-27.32
3	48	L40	P50	Nhi	3	EC	8.4	15.5	23.89	45.14	1.456	31.00274725	-29.16
3	48	L40	P50	Nhi	6	DB	10	6.7	16.74	44.52	2.117	21.02975909	-30.03
3	48	L40	P50	Nhi	2	EC	8.9	7.7	16.61	43.96	1.826	24.07447974	-29.64
3	48	L40	P50	Nhi	7	DB	9	14	23.05	42.46	2.328	18.23883162	-28.91
3	48	L40	P50	Nhi	8	DB	6.8	12.4	19.22	44.56	1.952	22.82786885	-29.35
1	9	L40	P50	Nlo	3	EC	9.5	11.3	20.76	45.26	1.283	35.27669525	-28.06
1	9	L40	P50	Nlo	4	EC	5.5	8.7	14.25	45.92	1.239	37.06214689	-28.23
1	9	L40	P50	Nlo	7	DB	9.4	11.9	21.31	43.02	1.533	28.06262231	-28.6
1	9	L40	P50	Nlo	8	DB	8.1	9.9	18.02	41.54	1.453	28.58912595	-30.4
1	9	L40	P50	Nlo	6	DB	8.7	10.9	19.61	43.98	1.469	29.93873383	-29.86
1	9	L40	P50	Nlo	1	EC	7.8	22.8	30.58	45.11	1.036	43.54247104	-28.98
1	9	L40	P50	Nlo	2	EC	9.4	6.1	15.58	44.92	1.644	27.32360097	-29.64
1	9	L40	P50	Nlo	5	DB	5.3	6.9	12.23	43.32	1.641	26.39853748	-26.9
2	19	L40	P50	Nlo	2	EC	8.9	3.5	8.51	44.33	1.521	29.14529915	-30.97
2	19	L40	P50	Nlo	5	DB	2.5	14.6	17.09	44.3	1.884	23.51380042	-26.73
2	19	L40	P50	Nlo	6	DB	5.5	9.4	14.97	43.65	1.579	27.64407853	-30.65
2	19	L40	P50	Nlo	4	EC	4.9	5.1	10.03	45.65	1.311	34.82074752	-28.96
2	19	L40	P50	Nlo	3	EC	7.8	14.6	22.42	45.03	1.323	34.03628118	-28.99
2	19	L40	P50	Nlo	8	DB	5.8	18.1	23.94	42.07	1.846	22.78981582	-32.21
2	19	L40	P50	Nlo	1	EC	7.7	11	18.69	45.24	1.18	38.33898305	-28.09
2	19	L40	P50	Nlo	7	DB	10.4	8	18.41	43.14	1.912	22.56276151	-29.3
3	47	L40	P50	Nlo	4	EC	4.6	4.1	8.77	45.7	1.585	28.83280757	-29.11
3	47	L40	P50	Nlo	5	DB	5.7	10.4	16.04	43.47	1.387	31.34102379	-27.93
3	47	L40	P50	Nlo	7	DB	9.1	2.9	11.98	43.5	2.074	20.97396336	-29.6
3	47	L40	P50	Nlo	6	DB	7.5	11.8	19.28	43.69	1.651	26.46274985	-29.65
3	47	L40	P50	Nlo	8	DB	6.4	8.5	14.83	44.14	1.907	23.14630309	-30.05
3	47	L40	P50	Nlo	1	EC	5.9	10.7	16.58	45.73	1.207	37.88732394	-28.16
3	47	L40	P50	Nlo	2	EC	6	0.9	6.93	45.32	1.532	29.58224543	-30.82
3	47	L40	P50	Nlo	3	EC	6.2	7.6	13.78	45.18	1.511	29.90072799	-29.82
1	2	L60	P50	Nhi	5	DB	4.1	4.2	8.23	44.39	2.396	18.52671119	-27.57
1	2	L60	P50	Nhi	3	EC	8.3	11.2	19.44	45.11	1.445	31.21799308	-28.36
1	2	L60	P50	Nhi	4	EC	7.7	15	22.73	45.26	1.542	29.35149157	-29.05
1	2	L60	P50	Nhi	1	EC	12.5	9.2	21.69	44.91	1.636	27.45110024	-29.15
1	2	L60	P50	Nhi	2	EC	10.6	10	20.6	44.8	1.924	23.28482328	-29.38
1	2	L60	P50	Nhi	8	DB	8.8	13.8	22.6	43.11	2.239	19.25413131	-28.12
1	2	L60	P50	Nhi	8	DB	4	16.1	20.06	42.19	1.989	21.21166415	-28.35
1	2	L60	P50	Nhi	7	DB	9.3	5.6	14.92	44.56	2.078	21.44369586	-28.15
1	2	L60	P50	Nhi	6	DB	8.7	12.4	21.13	45.16	1.744	25.89449541	-28.07
2	30	L60	P50	Nhi	1	EC	8.2	9.1	17.27	40.86	0.97	42.12371134	-28.79
2	30	L60	P50	Nhi	3	EC	6.8	8	14.73	45.3	1.875	24.16	-28.85
2	30	L60	P50	Nhi	7	DB	11.1	3.7	11.05	43.55	2.67	16.31086142	-27.57
2	30	L60	P50	Nhi	4	EC	7.6	13.6	21.13	46.18	1.657	27.86964393	-28.3
2	30	L60	P50	Nhi	2	EC	9.5	7.2	16.7	45.01	1.624	27.71551724	-29.12
2	30	L60	P50	Nhi	6	DB	8.5	3.6	12.1	44.83	2.212	20.26672694	-28.84
2	30	L60	P50	Nhi	5	DB	2.6	3	5.62	44.51	2.421	18.38496489	-27.05
3	51	L60	P50	Nhi	5	DB	4	11.1	15.06	44.43	2.136	20.8005618	-26.94
3	51	L60	P50	Nhi	2	EC	9	1.9	10.88	45.45	1.443	31.4968815	-29.49
3	51	L60	P50	Nhi	3	EC	7.1	12.3	19.4	45.66	1.391	32.82530554	-28.69
3	51	L60	P50	Nhi	1	EC	7.2	9	16.2	45.84	1.555	29.47909968	-28.34
3	51	L60	P50	Nhi	4	EC	7.2	3.7	10.89	45.59	1.364	33.42375367	-28.01
3	51	L60	P50	Nhi	8	DB	7	15	6.75	43.43	2.114	20.54399243	-29.37
3	51	L60	P50	Nhi	6	DB	6.9	2.8	9.73	44.08	2.018	21.84340932	-30.02
3	51	L60	P50	Nhi	7	DB	9.4	1.8	11.22	43.76	2.777	15.75801224	-28.07
1	3	L60	P50	Nlo	5	DB	3	13.1	16.09	44.31	1.528	28.9986911	-27.34
1	3	L60	P50	Nlo	1	EC	9.8	8.1	17.83	45.94	1.374	33.43522562	-28.08
1	3	L60	P50	Nlo	2	EC	8.6	6	14.67	45.77	1.472	31.09375	-28.89
1	3	L60	P50	Nlo	8	DB	7.5	14.2	21.65	42.85	2.006	21.36091725	-29.91
1	3	L60	P50	Nlo	4	EC	8.9	7	15.92	45.35	1.326	34.20060332	-29.02
1	3	L60	P50	Nlo	3	EC	6.8	10.1	16.82	45.38	1.634	27.77233782	-28.1
1	3	L60	P50	Nlo	7	DB	8.2	13.2	21.36	43.86	1.875	23.392	-27.99
1	3	L60	P50	Nlo	6	DB	5.9	8.1	14.03	44.92	1.593	28.19836786	-30.1
2	29	L60	P50	Nlo	2	EC	11.3	3.7	14.99	44.58	1.815	24.56198347	-30.57
2	29	L60	P50	Nlo	7	DB	9.9	4.9	14.8	44.86	1.969	22.78313865	-27.43
2	29	L60	P50	Nlo	5	DB	6.2	8.9	15.19	43.17	1.23	35.09756098	-27.8
2	29	L60	P50	Nlo	1	EC	12.5	21.6	34.12	50.93	1.578	32.27503169	-27.89
2	29	L60	P50	Nlo	6	DB	6.2	11.7	17.9	43.9	1.436	30.57103064	-29.72
2	29	L60	P50	Nlo	4	EC	9.6	18.1	27.67	45.25	1.03	43.93203883	-29.12
2	29	L60	P50	Nlo	3	EC	10	16.5	26.51	45.31	1.272	35.62106918	-29.15
2	29	L60	P50	Nlo	8	DB	9.6	6.2	15.79	43.49	1.834	23.7131952	-27.81
3	49	L60	P50	Nlo	1	EC	9.4	13	22.34	45.26	1.1	41.14545455	-28.83
3	49	L60	P50	Nlo	6	DB	2.6	4.8	7.4	43.66	1.557	28.04110469	-29.82
3	49	L60	P50	Nlo	4	EC	8.8	6.4	15.23	45.06	1.385	32.53429603	-28.45
3	49	L60	P50	Nlo	7	DB	6.6	0.7	7.27	43.96	1.944	22.61316872	-28.73
3	49	L60	P50	Nlo	5	DB	5.5	0.8	6.26	43.01	1.224	35.13888889	-28.11
3	49	L60	P50	Nlo	2	EC	5.6	2.4	7.96	45.52	1.506	30.22576361	-29.9
3	49	L60	P50	Nlo	3	EC	12.5	16	28.44	45.08	1.216	37.07236842	-28.26
3	49	L60	P50	Nlo	8	DB	3.8	3.5	7.35	42.23	1.662	25.40914561	-32.15
1	5	L40	P100	Nhi	2	EC	12	14.2	26.19	44.37	1.258	35.27027027	-30.67
1	5	L40	P100	Nhi	1	EC	9	21.6	30.62	45.17	0.967	46.7114788	-29.09
1	5	L40	P100	Nhi	8	DB	9	5.8	14.81	44.33	1.805	24.55955679	-31.96
1	5	L40	P100	Nhi	3	EC	11.5	23.2	34.67	44.31	1.643	26.96895922	-29.69
1	5	L40	P100	Nhi	6	DB	6.8	7.8	14.61	43.55	1.892	23.0179704	-30.16
1	5	L40	P100	Nhi	4	EC	8.6	24.4	33.02	44.6	1.22	36.55737705	-30.4
1	5	L40	P100	Nhi	5	DB	5.1	19.4	24.43	42.9	1.697	25.27990572	-27.08
1	5	L40	P100	Nhi	7	DB	5.3	11.1	16.37	45.06	2.242	20.09812667	-29.69
1	5	L40	P100	Nhi	8	DB	8.2	6	14.22	41.79	1.867	22.38350295	-30.42
2	36	L40	P100	Nhi	7	DB	7.7	1.7	9.4	44.53	1.956	22.76584867	-29.14
2	36	L40	P100	Nhi	5	DB	3.3	9.6	12.91	43.35	1.826	23.74041621	-26.6
2	36	L40	P100	Nhi	2	EC	11.8	7.6	19.34	44.82	1.767	25.36502547	-29.7
2	36	L40	P100	Nhi	1	EC	12.2	8.7	20.89	45.45	1.392	32.65086207	-30.78
2	36	L40	P100	Nhi	6	DB	6.6	3.3	9.91	44.27	2.041	21.69034787	-31.84
2	36	L40	P100	Nhi	4	EC	11	9.9	20.87	44.42	1.39	31.95683453	-30.12
2	36	L40	P100	Nhi	3	EC	9.5	8.8	18.31	44.8	1.788	25.05592841	-29.79
2	36	L40	P100	Nhi	8	DB	6.5	8.2	14.75	41.73	1.907	21.88253802	-30.44
3	37	L40	P100	Nhi	4	EC	7.7	9.7	17.43	44.68	1.486	30.06729475	-29.47
3	37	L40	P100	Nhi	3	EC	9.1	13.2	22.29	45.32	1.577	28.73811034	-28.72
3	37	L40	P100	Nhi	2	EC	12.8	6.4	19.19	45.43	1.297	35.02698535	-31.08
3	37	L40	P100	Nhi	1	EC	12.4	12.6	25.07	45.77	1.419	32.25510923	-28.33
3	37	L40	P100	Nhi	6	DB	8.2	3.4	11.61	45.15	2.019	22.36255572	-29.45
3	37	L40	P100	Nhi	5	DB	2.5	5.8	8.3	43.95	2.209	19.89588049	-27.94
3	37	L40	P100	Nhi	7	DB	4.5	3.6	8.14	42.54	2.314	18.38375108	-29.73
1	6	L40	P100	Nlo	6	DB	7.7	3.2	10.93	43.63	1.934	22.55946225	-30.99
1	6	L40	P100	Nlo	4	EC	6.6	12.9	19.46	45.07	1.277	35.29365701	-30.29
1	6	L40	P100	Nlo	5	DB	4.3	8.3	12.53	43.28	1.445	29.95155709	-28.02
1	6	L40	P100	Nlo	8	DB	6.3	1.9	8.26	43.33	1.488	29.11962366	-31
1	6	L40	P100	Nlo	3	EC	5.8	14.5	20.24	44.78	1.258	35.59618442	-29.38
1	6	L40	P100	Nlo	2	EC	11.2	5.1	16.23	44.45	1.904	23.34558824	-30.82
1	6	L40	P100	Nlo	1	EC	7.2	12.4	19.56	45.41	1.216	37.34375	-28.84
1	6	L40	P100	Nlo	7	DB	6.5	2.1	8.58	43.3	1.896	22.83755274	-31.79
2	35	L40	P100	Nlo	8	DB	5.2	1.9	7.15	42.84	1.928	22.21991701	-31.56
2	35	L40	P100	Nlo	6	DB	5.6	3.5	9.17	42.98	1.99	21.59798995	-30.3
2	35	L40	P100	Nlo	2	EC	11.1	1.8	12.88	44.34	1.869	23.72391653	-30.87
2	35	L40	P100	Nlo	5	DB	3.3	4.7	7.97	41.41	1.058	39.13988658	-30.16
2	35	L40	P100	Nlo	3	EC	9.4	6.6	16.08	44.46	1.79	24.83798883	-30.1
2	35	L40	P100	Nlo	4	EC	8.8	4.2	13.02	44.6	1.312	33.99390244	-31.64
2	35	L40	P100	Nlo	1	EC	9.2	8.6	17.82	44.96	1.376	32.6744186	-31.07
2	35	L40	P100	Nlo	7	DB	7	4.8	11.79	43.67	2.028	21.53353057	-31.77
3	38	L40	P100	Nlo	1	EC	7.8	10.2	17.99	44.88	1.354	33.14623338	-29.86
3	38	L40	P100	Nlo	4	EC	7.1	7.3	14.42	45.09	1.428	31.57563025	-30.32
3	38	L40	P100	Nlo	6	DB	5.9	3.1	9.03	43	1.565	27.47603834	-30.77
3	38	L40	P100	Nlo	7	DB	3.1	3.5	2.99	44.71	1.665	26.85285285	-29.99
3	38	L40	P100	Nlo	3	EC	10.1	11.5	21.55	44.48	1.477	30.11509817	-30.38
3	38	L40	P100	Nlo	2	EC	12.6	4	16.63	44.75	1.571	28.48504137	-31.08
3	38	L40	P100	Nlo	8	DB	6.3	1.6	7.86	42.13	1.898	22.19704953	-32.36
3	38	L40	P100	Nlo	5	DB	4.1	7.9	11.95	41.73	1.217	34.28923583	-29.47
1	10	L60	P100	Nhi	3	EC	7.8	18.3	26.02	44.68	1.441	31.00624566	-29.11
1	10	L60	P100	Nhi	6	DB	8.1	8.3	16.4	42.83	1.815	23.59779614	-30.93
1	10	L60	P100	Nhi	2	EC	9.8	11.9	21.74	44.13	1.432	30.81703911	-30.11
1	10	L60	P100	Nhi	7	DB	7	7.8	14.78	43.23	1.944	22.23765432	-28.7
1	10	L60	P100	Nhi	1	EC	3	19.5	22.59	44.87	1.165	38.51502146	-29.87
1	10	L60	P100	Nhi	4	EC	9.2	20.4	29.66	44.15	1.143	38.6264217	-28.9
1	10	L60	P100	Nhi	5	DB	3.4	12.6	15.99	43.45	1.94	22.39690722	-26.29
1	10	L60	P100	Nhi	8	DB	11.7	2.2	13.87	42.81	2.157	19.84700974	-29.09
2	23	L60	P100	Nhi	7	DB	7.2	0.2	7.48	42.83	2.071	20.68083052	-29.02
2	23	L60	P100	Nhi	2	EC	8	6	14.05	44.53	1.709	26.0561732	-30.26
2	23	L60	P100	Nhi	4	EC	7.9	11.2	19.1	45.34	1.465	30.94880546	-28.85
2	23	L60	P100	Nhi	6	DB	7.7	8.2	15.92	44.57	2.076	21.46917148	-28.54
2	23	L60	P100	Nhi	1	EC	8.8	24.4	33.18	45.4	1.129	40.2125775	-29.84
2	23	L60	P100	Nhi	3	EC	7.7	10.6	18.31	45.17	1.317	34.29764617	-30.68
2	23	L60	P100	Nhi	8	DB	7.8	2.7	7.64	42.98	1.954	21.99590583	-30.31
2	23	L60	P100	Nhi	5	DB	2.7	7.2	9.89	42.5	1.884	22.55838641	-26.48
3	40	L60	P100	Nhi	4	EC	7.8	15.6	23.38	45.18	1.257	35.94272076	-28.47
3	40	L60	P100	Nhi	6	DB	9.1	6.4	15.51	43.8	1.705	25.68914956	-29.04
3	40	L60	P100	Nhi	3	EC	10.6	10.7	21.32	45.65	1.432	31.87849162	-28.64
3	40	L60	P100	Nhi	7	DB	10.1	3.2	13.33	43.06	1.879	22.91644492	-28.41
3	40	L60	P100	Nhi	2	EC	8.7	7.4	16.19	45.31	1.495	30.30769231	-28.91
3	40	L60	P100	Nhi	8	DB	7.5	3.2	10.66	42.52	1.788	23.78076063	-29.91
3	40	L60	P100	Nhi	1	EC	12.1	6.6	18.66	45.81	1.294	35.40185471	-29.57
3	40	L60	P100	Nhi	5	DB	2.9	6.8	9.7	44.03	1.642	26.81485993	-26.51
1	12	L60	P100	Nlo	8	DB	6.2	3.4	7.78	43.45	1.779	24.42383361	-29.85
1	12	L60	P100	Nlo	6	DB	6.9	1.8	8.69	40.13	1.524	26.332021	-29.57
1	12	L60	P100	Nlo	4	EC	7.1	13.1	20.17	44.58	1.318	33.82397572	-29.59
1	12	L60	P100	Nlo	2	EC	9.6	6.1	15.73	45.11	1.304	34.59355828	-30.75
1	12	L60	P100	Nlo	1	EC	7.2	16.1	14.64	38.6	1.183	32.62890955	-29.54
1	12	L60	P100	Nlo	7	DB	5.9	5.6	11.49	41.46	1.69	24.53254438	-29
1	12	L60	P100	Nlo	5	DB	6.3	0.9	7.24	43.16	1.115	38.70852018	-28.68
1	12	L60	P100	Nlo	3	EC	7.6	11.6	19.12	45.53	1.423	31.99578356	-28.4
2	24	L60	P100	Nlo	1	EC	8.2	6.5	14.63	45.11	1.443	31.26126126	-29.13
2	24	L60	P100	Nlo	3	EC	7.9	18.6	26.44	45.48	1.399	32.50893495	-28.84
2	24	L60	P100	Nlo	4	EC	7.5	10.6	1.04	45.51	1.371	33.19474836	-28.95
2	24	L60	P100	Nlo	8	DB	4.8	4.5	9.34	43.22	1.65	26.19393939	-30.74
2	24	L60	P100	Nlo	2	EC	7.8	6.1	13.89	45.47	1.242	36.61030596	-29.7
2	24	L60	P100	Nlo	5	DB	8.4	6.7	15.09	42.75	1.246	34.30979133	-27.84
2	24	L60	P100	Nlo	6	DB	7.1	5.8	12.95	43.05	1.671	25.76301616	-31.03
2	24	L60	P100	Nlo	7	DB	6.7	3.5	10.23	41.89	1.899	22.05897841	-29.82
3	41	L60	P100	Nlo	4	EC	6.9	8.1	14.99	44.62	1.282	34.8049922	-30
3	41	L60	P100	Nlo	2	EC	7.1	5.5	12.6	45.22	1.431	31.60027952	-31.05
3	41	L60	P100	Nlo	3	EC	6.4	14.1	20.52	45.47	1.421	31.99859254	-29.67
3	41	L60	P100	Nlo	6	DB	7.8	3.9	11.71	43.18	1.697	25.44490277	-30.7
3	41	L60	P100	Nlo	1	EC	6.1	13.7	19.79	45.29	1.202	37.67886855	-30.17
3	41	L60	P100	Nlo	5	DB	4.5	3.5	7.98	41.97	1.123	37.37310775	-28.14
3	41	L60	P100	Nlo	7	DB	5.5	3.5	8.98	42.3	1.758	24.06143345	-29.92
3	41	L60	P100	Nlo	8	DB	3.9	2.3	6.22	42.98	1.521	28.25772518	-31.62